5 5
1 2 3 4 5
16 17 18 19 6
15 24 25 20 7
14 23 22 21 8
13 12 11 10 9


1 1
1

1 2
1 2

1 3 
1 3 2

2 2
1 2 
4 3

2 2 
1 2 
3 4

4 7
7 6 5 4 3 2 1
1 5 1 1 1 1 1
1 4 3 1 1 1 1
1 5 6 7 8 1 1

3 3
9 1 2
5 6 7
8 4 3

3 4
1 2 3 4
8 7 6 5
9 10 11 12

3 3
0 0 0
0 5 0
0 0 0

12 13
1   1 30  4  800  6  7  8  99 10 1223 1
20 30 30 4 16 15 14 13 12 11 1
21 22 99 444444 88 9926 27 9928 9929 3000 456 1
40 39 1 90 36 35 34 33 3992 30001 789  1
41 42 4000 44  88 46 47 48 49 50 897  1
1 59 1 57 56  85 54 53 52 51 908 1
61 77 56 64 444 66 67 68 69 70 1234 1
80 79 78 77 76 75 74 73 72 71 12345 1
81 82 2  2 4 86 5 88 8 90 3456  1
100 99 98 97 96 95 94 93 92 91 567 1
890 654 623 154 683 15414 86549 633 123 456 123456  1
9517 45632 643164 3478643 43 16 431 64453132 689431 746546 15643 1
64543 13146543 13474 314789 4352154 65431 631 654324 65132 89547  34567312 1 1


13 12
1   1 30  4  800  6  7  8  99 10 1223 1
20 30 30 4 16 15 14 13 12 11 1
21 22 99 444444 88 9926 27 9928 9929 3000 456 1
40 39 1 90 36 35 34 33 3992 30001 789  1
41 42 4000 44  88 46 47 48 49 50 897  1
1 59 1 57 56  85 54 53 52 51 908 1
61 77 56 64 444 66 67 68 69 70 1234 1
80 79 78 77 76 75 74 73 72 71 12345 1
81 82 2  2 4 86 5 88 8 90 3456  1
100 99 98 97 96 95 94 93 92 91 567 1
890 654 623 154 683 15414 86549 633 123 456 123456  1
9517 45632 643164 3478643 43 16 431 64453132 689431 746546 15643 1
64543 13146543 13474 314789 4352154 65431 631 654324 65132 89547  34567312 1 1

3 3
0 1 2
1 0 1
2 1 0

3 3
0 0 0
0 0 0
0 0 0

1 1
0

10 10
1 2 300 4 5 6 7 8 9 10
20 19 18 17 16 15 14 13 12 11
21 22 23 24 25 26 27 28 29 30
40 39 38 37 36 35 34 33 32 31
41 42 43 44 45 46 47 48 49 50
60 59 58 57 56 55 54 53 52 51
61 62 63 64 65 66 67 68 69 70
80 79 78 77 76 75 74 73 72 71
81 82 83 84 85 86 87 88 89 90
100 99 98 97 96 95 94 93 92 91

4 4
1 2 3 4
1 2 3 4
1 2 3 4
1 2 3 4

4 4
1 2 2 1
1 4 4 1
1 3 3 1
1 2 2 1

3 3
9 1 2
5 6 7
8 4 3
